tree
version=v4
num_class=1
num_tree_per_iteration=1
label_index=0
max_feature_idx=1
objective=lambdarank
feature_names=description_similarity category_match_numeric
feature_infos=[0.89059999999999995:0.99970000000000003] [0:1]
tree_sizes=3488 3506 3507 3483 3529 3513 3475 3523 3514 3452 3463 3460 3450 3459 3458 3473 3488 3439 3514 3528 3527

Tree=0
num_leaves=31
num_cat=0
split_feature=0 0 0 0 1 0 0 1 0 0 0 1 0 0 0 0 0 0 1 0 0 0 0 0 0 0 0 0 0 0
split_gain=2.14463 3.61729 1.55356 2.37817 2.42445 1.42933 2.48049 1.35008 1.18315 2.87436 1.19954 0.996456 1.01127 2.11842 1.32847 1.25437 0.818647 0.620377 1.95655 0.597032 0.886258 0.588326 1.2711 1.33772 1.05223 0.592091 2.0177 1.29983 0.910441 1.84012
threshold=0.96995000000000009 0.97095000000000009 0.97275000000000011 0.97295000000000009 1.0000000180025095e-35 0.99885000000000013 0.99045000000000016 1.0000000180025095e-35 0.9849500000000001 0.98515000000000008 0.98435000000000017 1.0000000180025095e-35 0.98615000000000008 0.98805000000000009 0.98965000000000014 0.98535000000000006 0.98575000000000013 0.9708500000000001 1.0000000180025095e-35 0.97055000000000013 0.97065000000000012 0.9738500000000001 0.97645000000000015 0.97585000000000011 0.97575000000000012 0.98315000000000008 0.98255000000000015 0.98185000000000011 0.98225000000000007 0.98215000000000008
decision_type=2 2 2 2 2 2 2 2 2 2 2 2 2 2 2 2 2 2 2 2 2 2 2 2 2 2 2 2 2 2
left_child=-1 17 -3 4 -4 6 8 -7 10 -10 21 -11 15 -14 -15 -13 -17 19 -19 -2 -21 -5 23 24 -23 26 27 -24 29 -29
right_child=1 2 3 5 -6 7 -8 -9 9 11 -12 12 13 14 -16 16 -18 18 -20 20 -22 22 25 -25 -26 -27 -28 28 -30 -31
leaf_value=-0.00099763966977110168 0.0091267934107681133 -0.0027202850110184685 0.0087791049346799578 -0.0019747118228729409 0.047495062217365616 -0.058058732053790862 0.013948878627114098 0.0004044142864806811 -0.029020057051398207 -0.0031149213133545173 0.0098333531610455115 0.018682125051685854 0.031863221746082936 -0.021131329837514732 0.025888589888137931 -0.050606504519921151 -0.0052285430494632447 0.01110230078431515 0.064697806899200835 -0.0063660448656753721 0.0071750407252309956 0.0024301463821930951 -0.00034839551930145962 0.0082413535895881906 -0.011096347933781815 0.0038878857817313539 -0.010277921256588357 0.0051649558089048968 6.0353569282385754e-05 0.029357822120959179
leaf_weight=2556.5420458805747 105.84524887241423 313.33638257207349 33.501244595274329 164.08258082019165 4.5987094882875672 2.0014817686751476 35.655211715959013 1.949195276014507 10.165095632895826 150.2071279254742 38.117351374588907 2.6566883400082615 8.568235704675315 4.5317248073406509 2.2470670379698277 1.8036299273371694 2.2139029325917363 16.527142834849659 1.8984446823596943 18.074200414121151 36.45654746517539 333.51258751936257 690.96677515935153 106.87362656276673 15.025111760944126 92.790135953575373 47.939060725271702 28.54402173589915 28.217612117528915 10.846466157585381
leaf_count=30372 1249 3762 386 1931 55 28 411 20 117 1783 460 31 113 56 22 21 27 181 20 220 442 3924 8123 1232 186 1105 588 330 327 120
internal_value=4.14947e-10 0.00110452 0.000531204 0.00109191 0.0134522 0.000827183 0.000894049 -0.029214 0.000626429 -0.00318361 0.00107278 -0.00165872 0.00827407 0.01534 -0.00554494 -0.00797371 -0.0256005 0.00793538 0.0166244 0.0069371 0.00268685 0.000852913 0.00119539 0.00334762 0.00184703 0.000105497 -0.00032967 0.000299022 0.00691574 0.0118266
internal_weight=4865.69 2309.15 2130.35 1817.01 38.1 1778.91 1774.96 3.95068 1739.31 182.393 1556.92 172.228 22.0212 15.347 6.77879 6.67422 4.01753 178.802 18.4256 160.376 54.5307 1518.8 1354.72 455.411 348.538 899.304 806.514 758.575 67.6081 39.3905
internal_count=57642 27270 25158 21396 441 20955 20907 48 20496 2170 18326 2053 270 191 78 79 48 2112 201 1911 662 17866 15935 5342 4110 10593 9488 8900 777 450
is_linear=0
shrinkage=0.05


Tree=1
num_leaves=31
num_cat=0
split_feature=0 0 0 0 0 0 0 0 0 0 0 0 0 0 1 0 0 0 0 0 0 0 0 0 0 1 1 0 0 0
split_gain=10.3716 8.4936 18.2955 7.78724 7.5026 21.3134 19.1348 7.32932 6.81528 15.7597 6.88465 12.5793 12.1652 11.3423 17.199 6.32064 6.73645 5.62981 14.0501 7.22345 5.27372 11.3053 8.39742 8.12442 12.4239 6.4164 4.88482 8.64011 7.87042 7.8388
threshold=0.98835000000000006 0.98755000000000015 0.98785000000000012 0.98895000000000011 0.98675000000000013 0.98655000000000015 0.9869500000000001 0.98735000000000006 0.98185000000000011 0.98105000000000009 0.97725000000000006 0.97935000000000005 0.97975000000000012 0.98025000000000007 1.0000000180025095e-35 0.99045000000000016 0.99885000000000013 0.96955000000000013 0.96945000000000014 0.97095000000000009 0.96405000000000007 0.96705000000000008 0.9638500000000001 0.96755000000000013 0.96735000000000015 1.0000000180025095e-35 1.0000000180025095e-35 0.98475000000000013 0.98375000000000012 0.98315000000000008
decision_type=2 2 2 2 2 2 2 2 2 2 2 2 2 2 2 2 2 2 2 2 2 2 2 2 2 2 2 2 2 2
left_child=1 4 -3 -2 5 8 -6 -8 9 10 17 -12 -13 14 -14 -5 -17 18 20 -19 22 -22 -1 24 25 -23 -10 28 29 -28
right_child=3 2 -4 15 6 -7 7 -9 26 -11 11 12 13 -15 -16 16 -18 19 -20 -21 21 23 -24 -25 -26 -27 27 -29 -30 -31
leaf_value=0.0001644688446957203 0.017843891355282495 -0.031210155501323389 0.0011675762121332869 -0.0030419036918339169 0.033323492959644714 -0.031761322681630615 -0.0059584948622651559 0.015111780222477087 0.0014851074013552074 -0.0076487964621943117 -0.0040928017399766278 0.0078916958115868626 -0.0097714507511200404 0.0024308432983949609 0.016918780788829343 0.0099615540245125873 -0.016129100595008921 0.003636549064138963 -0.020194073350512917 0.00042797922388497424 -0.0037491488878850553 -0.0019726793341154148 0.011163683977436858 -0.00062833659817653875 0.01524125794775124 0.02660650268539896 0.00053516091539500537 0.02062145956628075 -0.011132889712519405 0.021992074945548463
leaf_weight=9514.3379561463371 117.49344596266747 68.945757910609245 118.82844316214323 214.80753552168608 59.511473521590233 53.139125984162092 128.35229007899761 60.834568694233894 2595.7690878398716 709.68267644569278 2714.7878762925975 500.45240439102054 507.6100916005671 877.95454190298915 68.504226237535477 314.23892146348953 26.854348126798868 2125.7323552463204 89.602926827967167 10034.410469906405 2861.8756150933914 299.16312507074326 176.74882713519037 2086.4906534589827 224.68000137805939 21.019457161426544 115.22599595040083 95.298921961337328 71.223279312252998 67.500229686498642
leaf_count=18529 179 105 184 317 88 91 178 87 3400 908 3316 619 631 1068 88 411 48 2991 196 12969 5490 548 355 3955 381 39 156 153 86 76
internal_value=4.53871e-11 -0.000114222 -0.0107207 0.00614839 -5.89913e-05 -0.000119093 0.0085954 0.000816823 -7.20708e-05 -0.000278868 -0.000115948 -0.00189077 0.00116781 -0.00114638 -0.00659779 0.00367646 0.00790743 0.000186129 -0.000452967 0.000988874 -0.000336474 -0.00157414 0.000365076 0.000791414 0.00622819 -9.65033e-05 0.00223205 0.00778362 0.002966 0.00846148
internal_weight=36921.1 36247.7 187.774 673.394 36059.9 35811.2 248.698 189.187 35758.1 32813.1 32103.4 4669.31 1954.52 1454.07 576.114 555.901 341.093 27434.1 15273.9 12160.1 15184.3 5493.23 9691.09 2631.35 544.863 320.183 2945.02 349.248 253.95 182.726
internal_count=57642 56687 289 955 56398 56045 353 265 55954 52083 51175 5722 2406 1787 719 776 459 45453 29493 15960 29297 10413 18884 4923 968 587 3871 471 318 232
is_linear=0
shrinkage=0.05


Tree=2
num_leaves=31
num_cat=0
split_feature=0 0 0 0 0 0 0 0 0 1 0 0 0 0 0 0 1 0 0 0 1 1 0 0 0 0 1 0 0 0
split_gain=14.9885 7.95027 4.77758 8.78552 8.62424 4.29231 6.27787 3.99016 3.39203 7.17658 7.06363 3.01275 6.74967 3.25713 12.1324 5.01607 7.17084 8.93224 5.61226 4.51728 13.1586 9.8949 9.21588 17.5779 7.43017 5.69521 3.14211 30.3715 16.6325 13.7274
threshold=0.96695000000000009 0.99045000000000016 0.96565000000000012 0.96505000000000007 0.9658500000000001 0.93605000000000016 0.93805000000000016 0.99885000000000013 0.98935000000000006 1.0000000180025095e-35 0.98865000000000014 0.94125000000000014 0.94455000000000011 0.95165000000000011 0.9547500000000001 0.95445000000000013 1.0000000180025095e-35 0.95215000000000016 0.95215000000000016 0.95015000000000016 1.0000000180025095e-35 1.0000000180025095e-35 0.94905000000000006 0.94805000000000017 0.94605000000000017 0.94535000000000013 1.0000000180025095e-35 0.96345000000000014 0.96265000000000012 0.96225000000000016
decision_type=2 2 2 2 2 2 2 2 2 2 2 2 2 2 2 2 2 2 2 2 2 2 2 2 2 2 2 2 2 2
left_child=2 8 3 5 -4 -1 -7 -3 10 -10 -2 -8 -13 19 15 16 17 -15 -18 21 -21 25 23 24 -23 -14 -16 28 29 -28
right_child=1 7 4 -5 -6 6 11 -9 9 -11 -12 12 13 14 26 -17 18 -19 -20 20 -22 22 -24 -25 -26 -27 27 -29 -30 -31
leaf_value=0.0030333798645804837 0.0006639511836873033 0.010487793358392328 -0.012290141354051572 0.0044303986335087605 -0.0022082655861726495 -0.010999906471103422 0.0036890496663203234 -0.013045897440759192 -0.011132905688539894 0.019905942761915416 0.012922169278529603 -0.0073856391726185361 0.0072827899849342145 -0.016740234676955245 -0.00052718668546076282 -0.014379263079020746 0.038279120222674025 -0.0041772566189272461 0.0030567798655018446 0.0074037452406059689 -0.018188924740998095 -0.014944412579932091 -0.0056824188553157434 0.060524299054266623 0.020383534490808985 -0.0032229880457937143 0.00025552598100074444 -0.02346538002956703 0.023505772265384573 -0.032749633758655645
leaf_weight=574.48784319497645 23863.699687464163 274.93943640589714 251.11903873085976 731.64557957276702 1365.788775196299 167.52074921503663 300.59234553202987 19.274180311709642 131.53960068523884 21.694237321615219 118.10197076946497 450.41493136528879 144.94400781393051 166.69093345291913 7873.5793917998672 153.97161266207695 12.613649409264324 935.73081087134778 109.38054756075144 470.19852251373231 56.231383308768272 22.018688101321459 47.932337805628777 21.812264174222946 45.928394481539726 1172.8006961941719 484.76331680454314 157.02741008624434 73.632464855909348 33.693595718592405
leaf_count=923 32595 411 369 1122 2068 238 462 48 203 35 177 726 225 256 11974 229 25 1421 173 704 86 35 73 32 73 1802 746 246 110 55
internal_value=-4.32978e-11 0.000776526 -0.00119877 -0.000905686 -0.00377406 -0.0011954 -0.0013837 0.00894608 0.000676937 -0.00673855 0.000724319 -0.00125719 -0.00137678 -0.00115091 -0.00151787 -0.00587356 -0.00480396 -0.00607683 0.00669861 0.000700876 0.00467003 -0.000734762 0.0120191 0.0214718 0.00893529 -0.00206742 -0.000821593 -0.00391595 0.00126874 -0.00188942
internal_weight=40253.8 24429.2 15824.5 14207.6 1616.91 13476 12901.5 294.214 24135 153.234 23981.8 12734 12433.4 11983 10001.1 1378.39 1224.42 1102.42 121.994 1981.87 526.43 1455.44 137.692 89.7593 67.9471 1317.74 8622.7 749.117 592.089 518.457
internal_count=57642 33469 24173 21736 2437 20614 19691 459 33010 238 32772 19453 18991 18265 15235 2104 1875 1677 198 3030 790 2240 213 140 108 2027 13131 1157 911 801
is_linear=0
shrinkage=0.05


Tree=3
num_leaves=31
num_cat=0
split_feature=0 0 0 0 1 0 1 0 0 0 0 0 0 0 0 1 0 0 0 0 0 0 0 0 0 0 1 0 0 0
split_gain=9.19935 5.41897 5.26517 7.97778 11.7578 13.4804 5.33217 15.0761 5.20479 3.60738 3.3014 9.20416 5.67493 8.01624 8.38778 3.9968 8.24853 17.1941 9.56224 8.79599 5.36057 4.70451 4.55164 14.7552 12.6696 4.65266 3.39729 21.8098 7.9729 7.34625
threshold=0.99045000000000016 0.97415000000000007 0.97315000000000007 0.97275000000000011 1.0000000180025095e-35 0.97305000000000008 1.0000000180025095e-35 0.9738500000000001 0.97345000000000015 0.97325000000000006 0.96565000000000012 0.9658500000000001 0.96995000000000009 0.97095000000000009 0.97105000000000008 1.0000000180025095e-35 0.97165000000000012 0.97155000000000014 0.97255000000000014 0.97135000000000016 0.97265000000000013 0.97125000000000006 0.97175000000000011 0.97205000000000008 0.97195000000000009 0.97145000000000015 1.0000000180025095e-35 0.96775000000000011 0.96965000000000012 0.96695000000000009
decision_type=2 2 2 2 2 2 2 2 2 2 2 2 2 2 2 2 2 2 2 2 2 2 2 2 2 2 2 2 2 2
left_child=1 2 3 10 -5 -6 -4 8 9 -8 -1 -12 26 -14 -15 22 17 19 -18 21 -20 -17 25 24 -24 -16 -13 29 -29 -28
right_child=-2 -3 6 4 5 -7 7 -9 -10 -11 11 12 13 14 15 16 18 -19 20 -21 -22 -23 23 -25 -26 -27 27 28 -30 -31
leaf_value=4.6046160001197546e-05 0.0093169165339851943 0.00077898194242726816 -0.002293179764165564 0.0029284189998787912 0.042877962096361501 -0.0046022284497820752 -0.015924686262097879 0.014417992635793801 -0.013019824451328404 -0.046099304203701015 -0.011691190055198211 -0.0015344601941048408 0.0032856794329735525 -0.013365033587032902 -0.0016430958190921626 0.0060557207642298414 0.018078762943869408 -0.047948336570425742 0.0077929114416139499 0.028512938443525006 -0.03903408892264823 -0.031607242977682734 -0.0041975431355287746 0.00046451857669049302 -0.022516139436601568 0.0055332588526207319 -0.0024359952079660275 -0.012247422627600224 -0.038090670015740985 0.015353520468679077
leaf_weight=14959.71552348882 263.23931872844696 13057.640850875527 1489.5989589169621 627.05500721186399 40.580414548516273 23.668173715472221 15.530294567346571 39.569856360554695 69.539423316717148 27.344706758856773 201.75015499442816 5426.8816695194691 1600.101148404181 134.70091434195638 516.00009421259165 18.734440296888351 126.72562031447887 19.62845116853714 11.992984712123871 25.087279975414276 12.462603449821472 14.874344199895857 252.43478145450354 899.09110714867711 150.75946385413408 401.67119351029396 133.75563099980354 236.25457031279802 34.159472525119781 102.50976133346558
leaf_count=21736 459 17943 1885 809 70 30 21 52 91 36 369 7550 2112 200 764 29 185 26 20 39 20 23 353 1313 197 593 199 332 44 142
internal_value=-2.6411e-11 -6.03047e-05 -0.000457198 -0.000283612 0.00501568 0.025387 -0.00320342 -0.0121247 -0.0214677 -0.0351694 -0.00042853 -0.0011165 -0.000905636 0.00050448 -0.00121762 -0.000549614 0.00573193 -0.00743734 0.0125547 0.00610987 -0.0160702 -0.0106129 -0.00119902 -0.00309954 -0.0110471 0.00149805 -0.00190003 -0.00581553 -0.015512 0.00528244
internal_weight=40933.1 40669.8 27612.2 25970.6 691.304 64.2486 1641.58 151.984 112.414 42.875 25279.3 10319.6 10117.8 4184.26 2584.16 2449.46 229.506 78.3245 151.181 58.6961 24.4556 33.6088 2219.96 1302.29 403.194 917.671 5933.56 506.679 270.414 236.265
internal_count=57642 57183 39240 37155 909 100 2085 200 148 57 36246 14510 14141 5874 3762 3562 342 117 225 91 40 52 3220 1863 550 1357 8267 717 376 341
is_linear=0
shrinkage=0.05


Tree=4
num_leaves=31
num_cat=0
split_feature=0 0 0 0 0 0 0 1 0 0 0 0 0 0 0 1 0 0 0 0 0 0 0 0 0 1 0 0 0 0
split_gain=7.66494 5.11871 4.03908 6.99898 7.87823 2.90691 3.19891 9.81932 2.34923 4.108 3.7117 8.36769 1.91811 17.8714 7.53883 6.63695 4.65521 14.9515 6.30763 5.38266 3.1844 5.84669 3.95243 3.76233 3.64511 8.94743 22.8246 4.46445 3.78431 2.84884
threshold=0.99045000000000016 0.99885000000000013 0.96965000000000012 0.96945000000000014 0.96955000000000013 0.97055000000000013 0.97065000000000012 1.0000000180025095e-35 0.97095000000000009 0.97115000000000007 0.97125000000000006 0.97135000000000016 0.95805000000000007 0.95835000000000015 0.95715000000000006 1.0000000180025095e-35 0.96085000000000009 0.95935000000000015 0.9587500000000001 0.96305000000000007 0.96735000000000015 0.96755000000000013 0.96565000000000012 0.9658500000000001 0.96365000000000012 1.0000000180025095e-35 0.96525000000000005 0.96405000000000007 0.9638500000000001 0.96805000000000008
decision_type=2 2 2 2 2 2 2 2 2 2 2 2 2 2 2 2 2 2 2 2 2 2 2 2 2 2 2 2 2 2
left_child=2 -2 3 12 -5 -4 7 -7 -8 -10 -11 -12 14 15 -1 -14 17 18 -15 -18 22 -22 24 -24 -21 27 -27 28 -26 -23
right_child=1 -3 5 4 -6 6 8 -9 9 10 11 -13 13 16 -16 -17 19 -19 -20 20 21 29 23 -25 25 26 -28 -29 -30 -31
leaf_value=-0.00030861457278634664 0.010884470031374478 -0.016345775013427048 0.0026186889873815043 -0.02059556593112416 -0.0018618547492734454 -0.0028090005916421752 0.003811176914845598 -0.045352852426593121 -0.0062735307906109277 0.0080582003712340606 -0.012311075339728458 0.00036936926577877858 -0.012081878249518466 -0.0029366300993471039 0.0053377218345244289 -0.042753882678554553 0.0021275465343196976 -0.0061702837127606365 0.0058944916213953249 -0.0036475865054103381 0.0071911829022966696 -0.0029897511084443456 -0.010252420909085827 -0.0025323405060844063 0.00088179533639230756 -0.023772635022767691 0.017474068295207101 0.00017220270874238958 0.0096617264154277918 0.00077980760451654954
leaf_weight=6661.9669721312821 226.64306125044823 18.680780448019505 1436.945255830884 91.458565562963486 145.24502517282963 151.4818963855505 476.45490969717503 14.896490424871443 237.84229873120785 154.47907043248415 131.09248654544353 17180.667827431113 210.03138575702906 333.19533063098788 648.7347457529977 19.253775179386139 2101.0532635338604 1257.2850131802261 514.28923923894763 661.43446534406394 301.2299467176199 666.40680965594947 172.61441897600889 1840.9315146058798 231.2900512740016 108.44005787372589 48.559370651841164 1808.9282733798027 261.47137455642223 2022.0169619396329
leaf_count=9655 411 48 1934 196 194 202 643 18 397 218 211 23873 309 485 940 20 3173 1846 758 982 381 1009 369 2856 343 231 67 2602 325 2946
internal_value=-2.60355e-11 0.00881096 -5.41879e-05 -0.000553274 -0.00910027 0.00045302 0.000283403 -0.00661811 0.000346562 0.000253322 0.0003422 0.000273347 -0.000451452 -0.000826277 0.000192428 -0.0146575 -0.000569058 -0.00271042 0.00242247 -0.000128242 -0.00071169 0.000585551 -0.00146715 -0.00319416 -0.000352646 0.000533757 -0.0110152 0.00132152 0.00554064 -0.000154591
internal_weight=40135 245.324 39889.7 20105.8 236.704 19783.9 18346.9 166.378 18180.5 17704.1 17466.2 17311.8 19869.1 12558.4 7310.7 229.285 12329.1 2104.77 847.485 10224.4 8123.32 2989.65 5133.67 2013.55 3120.12 2458.69 156.999 2301.69 492.761 2688.42
internal_count=57642 459 57183 29687 390 27496 25562 220 25342 24699 24302 24084 29297 18702 10595 329 18373 3089 1243 15284 12111 4336 7775 3225 4550 3568 298 3270 668 3955
is_linear=0
shrinkage=0.05


Tree=5
num_leaves=31
num_cat=0
split_feature=0 0 1 0 1 0 0 0 1 0 0 0 0 0 0 0 0 0 1 1 0 0 0 0 0 0 0 1 0 1
split_gain=7.17427 4.36217 7.0211 3.04774 5.20389 2.24547 6.00722 5.90033 4.53927 8.45395 3.9319 5.63425 3.64554 6.21661 3.21999 3.53433 4.62492 3.05865 2.97313 2.93058 8.72657 3.93551 16.5537 4.02647 10.1448 3.4817 2.74631 2.71553 2.62762 2.54282
threshold=0.99045000000000016 0.99885000000000013 1.0000000180025095e-35 0.98935000000000006 1.0000000180025095e-35 0.96085000000000009 0.95955000000000013 0.96285000000000009 1.0000000180025095e-35 0.96105000000000007 0.96165000000000012 0.96265000000000012 0.9638500000000001 0.96405000000000007 0.96695000000000009 0.96565000000000012 0.96505000000000007 0.9658500000000001 1.0000000180025095e-35 1.0000000180025095e-35 0.92565000000000008 0.95565000000000011 0.95445000000000013 0.94905000000000006 0.94805000000000017 0.95165000000000011 0.9648500000000001 1.0000000180025095e-35 0.96185000000000009 1.0000000180025095e-35
decision_type=2 2 2 2 2 2 2 2 2 2 2 2 2 2 2 2 2 2 2 2 2 2 2 2 2 2 2 2 2 2
left_child=3 -2 -3 5 -5 6 19 8 -7 -10 -11 28 -9 -14 15 16 26 29 -8 -1 -21 22 23 24 -22 -25 27 -15 -12 -17
right_child=1 2 -4 4 -6 7 18 12 9 10 11 -13 13 14 -16 17 -18 -19 -20 20 21 -23 -24 25 -26 -27 -28 -29 -30 -31
leaf_value=-0.00056348117072005746 0.010872544952533933 -0.053774543639441674 0.012541228575007888 -0.012010211955348012 0.014441179160100124 0.0034784194653730521 -0.0034930983826062696 -0.0027925640340214935 -0.04115576801225071 0.0095704919203761472 -0.03469056379963098 0.01562561405063775 0.0079113425055302982 -0.00023235583428030484 0.0002517066949060803 -0.011801077572819767 0.0028973035620438858 -0.0025089236347073827 -0.012869831030852328 -0.034047088247391687 0.0053408876327721644 0.0080102989715571792 -0.026426158227274045 -0.0085247416293043367 0.044942454175399341 0.0039963287941327764 -0.0070682813906444404 -0.013523740705225202 -0.010028272412956223 0.01305114276907777
leaf_weight=7806.6061180979013 207.84765867888927 7.0076158568263063 9.2725978493690491 111.26885943114758 22.324510991573334 1859.7693504244089 897.52635013312101 1121.2283883690834 15.032160282135008 49.506741374731064 13.704396009445189 19.143925726413727 253.44659258052707 827.48417565971613 23021.894551642239 141.98715586960316 792.24981358647346 1241.5360416024923 93.328293517231941 15.938973963260649 213.24625866115093 286.54554968327284 50.702171824872494 92.221521213650703 17.498791754245758 139.5070381462574 223.20489698648453 40.300096750259399 50.966091647744179 11.097003526985644
leaf_count=11252 411 28 20 203 35 2613 1441 1669 22 70 17 28 355 1254 32772 337 1122 2068 139 19 300 398 75 159 32 198 349 127 97 32
internal_value=-2.03671e-11 0.00892032 -0.0160036 -5.07058e-05 -0.00758997 -2.50746e-05 -0.00068923 0.000190022 0.00280701 -0.00560982 -0.00160196 -0.00820121 1.26763e-07 0.00011805 4.29475e-05 -0.00142326 -1.03894e-05 -0.00333115 -0.00437629 -0.00026552 0.00258624 0.00331636 0.000695377 0.00366878 0.00834411 -0.000986709 -0.00212189 -0.000849611 -0.0152545 -0.00999955
internal_weight=39653.4 224.128 16.2802 39429.3 133.593 39295.7 9613.12 29682.6 2008.12 148.353 133.321 83.8144 27674.4 26553.2 26299.8 3277.86 1883.24 1394.62 990.855 8622.27 815.66 799.721 513.176 462.474 230.745 231.729 1090.99 867.784 64.6705 153.084
internal_count=57642 459 48 57183 238 56945 14013 42932 2847 234 212 142 40085 38416 38061 5289 2852 2437 1580 12433 1181 1162 764 689 332 357 1730 1381 114 369
is_linear=0
shrinkage=0.05


Tree=6
num_leaves=31
num_cat=0
split_feature=0 0 0 0 0 0 0 1 0 0 1 0 0 0 0 0 0 0 0 0 0 0 0 0 0 1 0 1 0 0
split_gain=7.3274 2.61307 1.75908 4.24591 2.16266 2.00806 1.94006 1.92625 1.67897 11.4853 6.79748 7.46529 6.43085 6.61768 5.99592 5.92198 4.77382 7.08736 8.58081 4.77157 3.74833 7.18823 9.97828 8.05832 3.73231 5.87554 3.95165 4.81416 3.59259 3.50914
threshold=0.99045000000000016 0.99885000000000013 0.93605000000000016 0.94455000000000011 0.94125000000000014 0.94535000000000013 0.93805000000000016 1.0000000180025095e-35 0.9849500000000001 0.98515000000000008 1.0000000180025095e-35 0.98805000000000009 0.98635000000000017 0.98675000000000013 0.98935000000000006 0.98335000000000006 0.98255000000000015 0.98215000000000008 0.98225000000000007 0.9829500000000001 0.98575000000000013 0.98675000000000013 0.9869500000000001 0.98655000000000015 0.98355000000000015 1.0000000180025095e-35 0.98475000000000013 1.0000000180025095e-35 0.98535000000000006 0.98805000000000009
decision_type=2 2 2 2 2 2 2 2 2 2 2 2 2 2 2 2 2 2 2 2 2 2 2 2 2 2 2 2 2 2
left_child=2 -2 -1 4 6 -5 7 -4 15 -10 20 12 28 -14 -13 16 17 -7 -19 -18 -11 23 -23 -22 25 -17 -26 -28 -12 -24
right_child=1 -3 3 5 -6 8 -8 -9 9 10 11 14 13 -15 -16 24 19 18 -20 -21 21 22 29 -25 26 -27 27 -29 -30 -31
leaf_value=0.0025353693938581622 0.010973542342491092 -0.010008696570029466 -0.0077605178737391771 0.0050994172081596251 -0.0059936381691339776 -8.0073750352760114e-05 0.00091109954445420672 0.013148200220394327 -0.024272501523351447 0.0033088900528691588 0.023231812482447049 -0.023299374554129167 0.062451330684437679 0.01939674306184062 0.01145564743932081 0.0067657968411067877 -0.0098669622531459451 0.02166206071479005 0.0027000156037094514 -0.00029831290537680013 -0.0071590885297401416 0.021638232087659668 -0.0069319723305772745 -0.034218824624361724 0.0010013029363898933 0.03337910700673493 0.0066341321566049999 0.03494769707920678 -0.0034517626475836839 0.0011214695121620603
leaf_weight=646.93552511185408 192.18628667294979 16.07994376309216 131.834861792624 191.23579829931259 437.56175927072763 33877.848130352795 340.72985831648111 12.019596785306929 54.38274297863245 246.62179763615131 18.364819765090942 26.731082335114479 11.564154118299482 39.106648817658424 23.162847474217415 156.85909040272236 247.25625547766685 79.27319410443306 241.16843006759882 275.40694783627987 279.36981663107872 47.131647884845734 236.67031297087669 30.518500596284866 733.32252435386181 23.898878157138824 101.80669340491295 17.610056459903717 40.283744409680367 315.68334621936083
leaf_count=923 411 48 218 252 726 49812 462 20 117 343 31 43 19 73 35 203 379 120 327 405 370 78 385 83 970 31 136 29 69 524
internal_value=-2.23545e-11 0.00935353 -5.00979e-05 -9.38412e-05 -0.00344546 -1.1015e-05 -0.00114455 -0.00601351 -3.73402e-05 -0.00175538 -0.000824317 0.00886147 0.0161759 0.0292227 -0.00716464 2.84702e-05 -8.25488e-05 -1.00691e-05 0.00739099 -0.00482495 -0.00215832 -0.00364103 -0.00044491 -0.00982399 0.00375822 0.0102845 0.00237483 0.0108095 0.00490375 -0.00232924
internal_weight=39092.6 208.266 38884.4 38237.4 922.146 37315.3 484.584 143.854 37124 1369.59 1315.21 159.213 109.319 50.6708 49.8939 35754.5 34721 34198.3 320.442 522.663 1156 909.374 599.485 309.888 1033.5 180.758 852.739 119.417 58.6486 552.354
internal_count=57642 459 57183 56260 1426 54834 700 238 54582 2170 2053 270 192 92 78 52412 51043 50259 447 784 1783 1440 987 453 1369 234 1135 165 100 909
is_linear=0
shrinkage=0.05


Tree=7
num_leaves=31
num_cat=0
split_feature=0 0 0 0 0 0 1 0 0 0 0 0 0 0 0 0 0 0 1 0 0 0 0 0 0 0 0 0 0 0
split_gain=6.66833 2.11523 1.44748 5.57963 2.85082 5.5684 5.11241 7.66058 7.77671 10.1612 3.08292 4.79501 4.01448 2.58852 3.04668 5.08832 11.2775 2.99219 2.97204 4.21911 6.74706 4.39111 3.8718 2.57654 1.99733 3.60242 2.30686 3.17144 3.75518 11.8608
threshold=0.99045000000000016 0.99885000000000013 0.96995000000000009 0.97055000000000013 0.96855000000000013 0.96875000000000011 1.0000000180025095e-35 0.96895000000000009 0.96945000000000014 0.96925000000000006 0.96935000000000016 0.96955000000000013 0.96945000000000014 0.97065000000000012 0.97095000000000009 0.97205000000000008 0.97195000000000009 0.97115000000000007 1.0000000180025095e-35 0.97125000000000006 0.97175000000000011 0.97155000000000014 0.97165000000000012 0.96805000000000008 0.96565000000000012 0.9658500000000001 0.96085000000000009 0.95955000000000013 0.95855000000000012 0.95805000000000007
decision_type=2 2 2 2 2 2 2 2 2 2 2 2 2 2 2 2 2 2 2 2 2 2 2 2 2 2 2 2 2 2
left_child=2 -2 4 -4 23 -6 10 -8 9 -9 -7 12 -12 -5 -15 16 17 -16 -19 -20 21 -21 -23 24 26 -26 27 28 29 -1
right_child=1 -3 3 13 5 6 7 8 -10 -11 11 -13 -14 14 15 -17 -18 18 19 20 -22 22 -24 -25 25 -27 -28 -29 -30 -31
leaf_value=-0.00012164455412728003 0.010746343110348635 -0.0087919039464796397 0.0041475231674693034 -0.0065759908637329891 -0.0084527889980585431 0.0019618952375039722 -0.039606284761127521 -0.0085521338890520698 -0.024994906958608391 0.03870914391614301 -0.0042997069221096763 -0.00024234441247014397 -0.019227631052051646 0.0041744372029642466 -0.0069135210798944849 0.00029038536697496988 -0.017441471177108182 -0.0012039678428887078 0.036197943412532095 0.0065476717348667869 0.026393215850679289 -0.045189199074190001 -0.003724477994501308 0.0027376933189022195 -0.0092960213721041077 -0.001082136079121768 0.00081355132559287257 -0.00329792968079057 0.002867024362207901 -0.0095215388989406853
leaf_weight=7131.5908904150128 179.37436878681183 15.011749919503925 884.09741342067719 144.99005007743835 296.8824680224061 763.07889992371202 19.998072862625122 35.352782338857651 30.933848261833191 16.766937732696533 143.22559484839439 624.05503866821527 65.694753680378199 454.11055040359497 213.39499022811651 15610.819408971816 120.45556090027094 1055.1523221358657 11.77100947499275 30.877613037824631 23.510450303554535 10.245456531643867 12.496712923049927 744.05269663408399 140.67269371449947 2612.9608574658632 5174.3431905731559 915.45650440454483 892.61973904818296 352.16233299300075
leaf_count=10595 411 48 1249 220 433 1107 37 63 77 30 210 822 176 643 397 22399 220 1527 15 62 33 26 20 1066 369 4246 7723 1580 1268 570
internal_value=-3.1086e-11 0.00923747 -4.66015e-05 0.000271098 -0.00034221 -0.00213487 -0.00103094 -0.0118246 -0.0051352 0.00665184 -0.000334035 -0.00243731 -0.00899377 7.73416e-05 0.000132331 2.49172e-05 -0.00277917 -0.00147809 -0.000464242 0.00831542 0.00406021 -0.00573205 -0.0224045 -0.000143025 -0.000267499 -0.00150175 -3.25588e-05 -0.000503732 -0.000198354 -0.000563975
internal_weight=38726.2 194.386 38531.8 18571.9 19959.8 1995.99 1699.11 103.052 83.0536 52.1197 1596.05 832.975 208.92 17687.8 17542.8 17088.7 1477.9 1357.45 1144.05 88.9012 77.1302 53.6198 22.7422 17963.9 17219.8 2753.63 14466.2 9291.83 8376.37 7483.75
internal_count=57642 459 57183 26811 30372 2955 2522 207 170 93 2315 1208 386 25562 25342 24699 2300 2080 1683 156 141 108 46 27417 26351 4615 21736 14013 12433 11165
is_linear=0
shrinkage=0.05


Tree=8
num_leaves=31
num_cat=0
split_feature=0 0 0 0 0 0 1 0 1 0 0 0 0 0 0 0 0 1 0 1 0 1 0 0 0 0 0 1 0 0
split_gain=6.4945 2.10279 1.40884 5.9376 2.92732 2.06456 1.70357 1.42256 2.46099 7.09896 1.6996 1.64498 3.92778 7.13275 6.09898 7.14004 11.714 5.27654 4.97948 4.32514 2.98058 2.57125 14.3127 7.08326 3.11357 2.90161 2.38892 1.86597 1.65741 1.56463
threshold=0.99045000000000016 0.99885000000000013 0.96735000000000015 0.96755000000000013 0.96565000000000012 0.9658500000000001 1.0000000180025095e-35 0.96795000000000009 1.0000000180025095e-35 0.96765000000000012 0.96775000000000011 0.97725000000000006 0.97585000000000011 0.97605000000000008 0.97535000000000005 0.97505000000000008 0.97485000000000011 1.0000000180025095e-35 0.97495000000000009 1.0000000180025095e-35 0.97735000000000005 1.0000000180025095e-35 0.97655000000000014 0.97685000000000011 0.97635000000000016 0.97625000000000006 0.97475000000000012 1.0000000180025095e-35 0.9769500000000001 0.97575000000000012
decision_type=2 2 2 2 2 2 2 2 2 2 2 2 2 2 2 2 2 2 2 2 2 2 2 2 2 2 2 2 2 2
left_child=2 -2 4 -4 -1 6 -6 8 10 -10 -5 12 14 17 15 16 26 -14 27 -17 -13 23 -23 24 25 -15 -9 -18 -24 -16
right_child=1 -3 3 7 5 -7 -8 11 9 -11 -12 20 13 21 29 19 18 -19 -20 -21 -22 22 28 -25 -26 -27 -28 -29 -30 -31
leaf_value=-0.00016086983951312181 0.010940164722581285 -0.0093542378544929656 0.0074833947468898182 -0.0068205944284042992 -0.01014630676350433 -0.0018255078342345238 0.009770302173124518 0.00041404372717227227 0.035407969828875743 -0.0063858273398744603 -0.00066362330666028301 -0.0076204577773256845 0.0073319959360666834 -0.00012826920138775386 -0.0032357788208388829 0.0084862645919720706 -0.018170224215179626 0.028729436828298639 -0.003316875666447448 -0.0086535305562268384 -0.00025687384811669191 0.010700584386135258 -0.010791348034128657 0.0068677904246914655 -0.0027501750999092828 0.0084234308236683479 0.006586007609534943 -0.0028635440433058277 -0.024352085165164412 -0.009655237529855679
leaf_weight=14347.142767425627 168.83553093671799 13.807748096063731 277.50598092377186 216.88177049160004 118.97513972595334 1671.1960481703281 11.80166297405958 9583.6767788399011 15.932338312268255 28.045894548296928 231.97090878337622 139.91129591315985 274.69522172212601 291.04184027761221 641.98228912055492 382.30345971882343 127.73591257631779 32.187455028295517 170.13029116392136 40.727986812591553 7730.2093221507967 81.625455927103758 41.512552984058857 495.28921979665756 597.73266404494643 150.4760213419795 159.38907518982887 23.587160110473633 49.28096379339695 111.3881569057703
leaf_count=21736 411 48 381 353 337 2856 32 14402 24 41 377 188 363 371 822 497 183 41 214 54 11542 107 65 699 816 202 205 28 61 186
internal_value=2.73868e-12 0.00940592 -4.51559e-05 0.000216154 -0.000399443 -0.00229894 -0.00834898 0.000122864 -0.00253265 0.00875514 -0.00363862 0.000184816 0.000524799 0.00255831 0.00016049 0.000472642 0.000205173 0.00957627 -0.00918589 0.00683611 -0.00038778 0.0012966 -0.00449272 0.00194708 -0.000398053 0.00278628 0.000515012 -0.0157843 -0.0181519 -0.00418492
internal_weight=38227 182.643 38044.3 21895.2 16149.1 1801.97 130.777 21617.7 492.831 43.9782 448.853 21124.9 13254.8 2013.84 11240.9 10487.6 10064.5 306.883 321.453 423.031 7870.12 1706.96 172.419 1534.54 1039.25 441.518 9743.07 151.323 90.7935 753.37
internal_count=57642 459 57183 32222 24961 3225 369 31841 795 65 730 31046 19316 2725 16591 15583 15032 404 425 551 11730 2321 233 2088 1389 573 14607 211 126 1008
is_linear=0
shrinkage=0.05


Tree=9
num_leaves=31
num_cat=0
split_feature=0 1 0 0 0 0 0 0 0 0 0 0 0 0 0 0 0 0 0 0 0 0 0 0 0 0 0 0 0 0
split_gain=6.31173 1.72943 6.88801 9.1961 4.16197 14.6572 12.4465 11.3583 18.0295 10.1732 4.86334 4.11629 3.29911 5.94166 3.24232 3.00495 5.57536 2.86011 2.78952 3.9105 2.70039 7.38724 11.0133 9.43468 6.88314 6.18963 4.7504 24.2264 5.53498 3.50977
threshold=0.99045000000000016 1.0000000180025095e-35 0.9829500000000001 0.98275000000000012 0.98045000000000015 0.98145000000000016 0.97935000000000005 0.97655000000000014 0.97565000000000013 0.97515000000000007 0.9799500000000001 0.97755000000000014 0.9849500000000001 0.98515000000000008 0.9819500000000001 0.98355000000000015 0.9839500000000001 0.98025000000000007 0.97605000000000008 0.97575000000000012 0.9708500000000001 0.97315000000000007 0.97345000000000015 0.97275000000000011 0.97305000000000008 0.97235000000000016 0.97005000000000008 0.96995000000000009 0.96965000000000012 0.96345000000000014
decision_type=2 2 2 2 2 2 2 2 2 2 2 2 2 2 2 2 2 2 2 2 2 2 2 2 2 2 2 2 2 2
left_child=1 12 3 4 6 -6 7 8 9 20 -8 -9 -1 -14 -7 -4 -17 -12 19 -10 26 23 -23 25 -25 -22 27 28 29 -3
right_child=-2 2 15 -5 5 14 10 11 18 -11 17 -13 13 -15 -16 16 -18 -19 -20 -21 21 22 -24 24 -26 -27 -28 -29 -30 -31
leaf_value=-5.9130949171743818e-05 0.0095453747295536073 0.0020517705229186997 0.021342497407030661 -0.043253302297936343 -0.020369074759334752 0.014997248528393134 0.023986386883219184 -0.016768921997239634 0.01237333938459486 -0.020388377379996603 -0.002488477287721739 -0.0045383846589901492 -0.022966934380326754 -0.0021537568327372461 -0.0017387288945132544 -0.015009003796061921 0.0092809767061450658 0.019737357698737606 0.01321268452919256 0.039253099594395116 0.0096492404941359265 -0.033057255256223599 0.0013986669911331623 0.04345520088957034 0.0067250019718139258 -0.010508520840933115 -0.010437253960733911 0.068156264020255139 -0.030454230492774587 -0.0029735375899202924
leaf_weight=33140.271344847977 172.39203076437116 1031.3593473546207 39.896606788039207 12.035778254270552 98.530418530106544 52.725932270288467 77.104823559522629 106.53391950577497 23.152381420135498 57.324366137385368 41.274014174938202 194.2000797688961 35.397957175970078 1095.7908259034157 64.149112075567245 26.69361700117588 205.4564880952239 22.292473435401917 72.695600271224976 32.558736726641655 173.77935310453176 25.689846090972424 238.46646685153246 31.73864221572876 21.324954241514206 48.769395045936108 103.15266148000956 13.174653261899946 14.712134420871733 523.96870920062065
leaf_count=49706 459 1636 66 22 138 76 102 179 29 94 56 301 104 1783 96 43 382 32 107 59 316 57 345 70 30 78 162 18 44 1052
internal_value=-2.96728e-12 -4.37364e-05 0.00104007 0.000366614 0.000537697 -0.00616404 0.00104364 0.000291615 0.0014341 0.000408959 0.0155451 -0.00887101 -0.000149765 -0.00280506 0.00581139 0.00866647 0.00648801 0.00530602 0.0196641 0.0280824 0.000944503 0.00402258 -0.00195226 0.00974907 0.0286942 0.00523186 -4.07207e-05 0.000636654 7.0078e-05 0.000358813
internal_weight=37796.6 37624.2 3352.76 3080.71 3068.68 215.405 2853.27 2712.6 2411.87 2283.46 140.671 300.734 34271.5 1131.19 116.875 272.047 232.15 63.5665 128.407 55.7111 2226.14 539.769 264.156 275.612 53.0636 222.549 1686.37 1583.21 1570.04 1555.33
internal_count=57642 57183 5590 5099 5077 310 4767 4577 4097 3902 190 480 51593 1887 172 491 425 88 195 88 3808 896 402 494 100 394 2912 2750 2732 2688
is_linear=0
shrinkage=0.05


Tree=10
num_leaves=31
num_cat=0
split_feature=0 0 1 0 0 0 0 0 0 0 0 0 0 0 0 0 0 0 0 0 0 0 0 0 0 0 0 0 0 0
split_gain=6.23049 1.95736 1.77374 6.29706 3.25998 5.52837 2.64257 11.7114 6.29093 9.42553 4.17665 3.57446 4.68994 3.06225 4.28099 2.5339 5.62306 3.02266 2.93964 3.09615 9.27074 5.50673 2.47238 3.52257 7.75649 10.7599 4.60419 3.63374 3.51472 9.58623
threshold=0.99045000000000016 0.99885000000000013 1.0000000180025095e-35 0.9829500000000001 0.98375000000000012 0.98435000000000017 0.97655000000000014 0.97575000000000012 0.97915000000000008 0.98015000000000008 0.97605000000000008 0.98145000000000016 0.9819500000000001 0.98045000000000015 0.98025000000000007 0.98935000000000006 0.98865000000000014 0.98895000000000011 0.98575000000000013 0.98675000000000013 0.9869500000000001 0.98655000000000015 0.97495000000000009 0.97175000000000011 0.97305000000000008 0.97275000000000011 0.9738500000000001 0.97235000000000016 0.96775000000000011 0.96695000000000009
decision_type=2 2 2 2 2 2 2 2 2 2 2 2 2 2 2 2 2 2 2 2 2 2 2 2 2 2 2 2 2 2
left_child=2 -2 15 6 -5 -6 7 22 -8 -10 -9 13 -13 14 -11 16 18 -18 -1 21 -21 -20 23 28 25 27 -26 -25 29 -4
right_child=1 -3 3 4 5 -7 8 10 9 11 -12 12 -14 -15 -16 -17 17 -19 19 20 -22 -23 -24 24 26 -27 -28 -29 -30 -31
leaf_value=-9.8479237886181623e-05 0.011328854382427325 -0.0082830646605007129 -8.9425187426396416e-05 0.01921909899092307 -0.011025173390091 0.0095127174296096226 -0.0086714981090361565 0.034018693420153755 0.013841476120945655 -0.018125559785969289 0.011329068080479995 0.013140941428641926 -0.0064479246244574092 -0.01644573162167566 0.016399390824237584 -0.0083822726038990207 0.019521332022845297 0.0028406292844416984 -0.0055253902001968364 0.022262239728671938 -0.0033473711045571399 -0.031860480622322489 -0.0074163532765918532 0.014436808720037523 -0.0091916309354642869 0.043780168739569955 0.0047421430884803037 -0.0030214135241035554 -0.0044316694952902724 0.017032748716267983
leaf_weight=33328.040688812733 151.53244273364544 13.888468004763125 1293.7189794816077 55.411598533391953 40.472560405731201 172.08198468387127 246.69978991895914 29.481769442558289 110.27074062824249 15.949406981468199 64.997583448886871 53.162878081202507 71.853041775524616 72.564215645194054 20.544274389743805 93.186966851353645 54.64547324180603 53.991011798381805 240.40478939563036 39.609997928142548 327.69844848662615 21.636702235788107 95.850006155669689 80.801526978611946 93.566728726029396 25.132312715053558 161.8200985044241 47.225396372377872 381.06294095143676 87.260434404015541
leaf_count=50153 411 48 2214 93 58 340 445 59 174 19 107 76 118 138 32 203 84 74 370 78 548 83 163 127 178 70 214 78 745 142
internal_value=1.16239e-11 0.00968227 -4.28487e-05 0.00107899 0.0084179 0.00560209 0.000412798 0.00116131 -0.00257712 0.0017891 0.0184092 -0.0038887 0.00188222 -0.0105041 0.00131041 -0.000148596 -0.000126073 0.0112312 -0.000162407 -0.0035478 -0.000585669 -0.00769987 0.000442306 0.000789333 0.00497244 0.0138687 -0.00036281 0.00799698 -0.000180558 0.00099248
internal_weight=37544.6 165.421 37379.1 3219.93 267.966 212.555 2951.96 2360.92 591.044 344.345 94.4794 234.074 125.016 109.058 36.4937 34159.2 34066 108.636 33957.4 629.35 367.308 262.041 2266.44 2170.59 408.546 153.159 255.387 128.027 1762.04 1380.98
internal_count=57642 459 57183 5590 491 398 5099 4097 1002 557 166 383 194 189 51 51593 51390 158 51232 1079 626 453 3931 3768 667 275 392 205 3101 2356
is_linear=0
shrinkage=0.05


Tree=11
num_leaves=31
num_cat=0
split_feature=0 1 0 0 0 0 0 0 0 0 0 0 0 0 0 0 0 0 0 0 0 0 0 0 0 0 0 0 0 0
split_gain=6.26877 3.10768 4.86401 7.69585 6.01097 11.6125 4.07968 3.41841 6.08899 6.7781 5.17087 4.58099 3.25454 3.14348 9.19092 2.98635 6.37906 2.69582 7.13736 3.07065 2.67157 2.56243 2.7315 2.35661 4.85436 4.61148 4.33863 2.18654 8.04979 5.78321
threshold=0.99045000000000016 1.0000000180025095e-35 0.97935000000000005 0.9799500000000001 0.97655000000000014 0.97565000000000013 0.97515000000000007 0.97175000000000011 0.97315000000000007 0.97345000000000015 0.97275000000000011 0.97305000000000008 0.97195000000000009 0.94905000000000006 0.94805000000000017 0.98145000000000016 0.98045000000000015 0.95655000000000012 0.95915000000000006 0.95385000000000009 0.97325000000000006 0.94605000000000017 0.94745000000000013 0.98805000000000009 0.98935000000000006 0.98635000000000017 0.9869500000000001 0.94965000000000011 0.95115000000000005 0.95385000000000009
decision_type=2 2 2 2 2 2 2 2 2 2 2 2 2 2 2 2 2 2 2 2 2 2 2 2 2 2 2 2 2 2
left_child=1 27 4 -4 5 6 7 13 10 20 12 -12 -9 14 21 16 -5 19 -19 -15 -10 -3 -23 25 -25 -17 -27 -1 -29 -30
right_child=-2 2 3 15 -6 -7 -8 8 9 -11 11 -13 -14 17 -16 23 -18 18 -20 -21 -22 22 -24 24 -26 26 -28 28 29 -31
leaf_value=-0.0015898129860623018 0.0099967169282219204 -8.9067388510304988e-05 0.023710358799147967 0.0089190452767675468 -0.0068521512618334906 0.017511564288451225 -0.014682328661680963 0.02934116887947958 -0.0071788066158142627 0.0023648247345985935 0.044065861592610625 0.011125402715083541 0.0040914717089044943 -0.0010973322492955015 0.044887601398084467 0.005317326743904705 -0.014555235433090253 0.0089797213365504398 -0.0015229138074808568 -0.011349032716698742 -0.046997267000636861 0.021333351031486796 -0.0029268811164130182 -0.019959956967456303 0.014758828607657379 0.05179630098861096 0.013443638389282584 0.0064266410234980146 -0.0039718659475472115 -4.1888368817902708e-05
leaf_weight=2544.2003029286861 156.16454425826669 171.09839675575495 53.962707072496414 56.074319779872894 246.64366756007075 106.16558440029621 42.929593704640865 14.572057113051413 7.3039483949542072 226.44232035428286 21.157885730266571 21.06055660545826 102.73973229527473 187.45606817305088 13.802062675356863 289.32550333440304 59.809607990086079 192.53742510080338 1012.0828525777906 119.674914624542 9.9524309039115888 32.655751645565033 17.996651291847229 23.766428515315056 17.467713922262192 10.225542530417441 26.442671373486519 470.27740514278412 966.24160092324018 30022.312025628984
leaf_count=3942 459 246 102 88 480 195 94 33 21 345 70 30 172 311 32 515 138 273 1977 189 36 48 25 43 35 29 63 671 1513 45467
internal_value=-3.09656e-13 -4.20945e-05 0.00147785 0.00580191 0.000565798 0.0013614 0.000579719 0.000884384 0.00503409 6.2888e-05 0.0126281 0.0276336 0.0072279 -7.32522e-05 0.00529938 0.00380157 -0.00319642 -0.000910387 0.000155748 -0.00509195 -0.0301437 0.00283536 0.0127138 0.00600988 -0.0052523 0.0074344 0.0241389 -0.000179921 -6.58977e-05 -0.000164427
internal_weight=37242.5 37086.4 3083.35 537.074 2546.27 2299.63 2193.46 2150.53 403.229 243.699 159.53 42.2184 117.312 1747.3 235.553 483.112 115.884 1511.75 1204.62 307.131 17.2564 221.751 50.6524 367.228 41.2341 325.994 36.6682 34003 31458.8 30988.6
internal_count=57642 57183 5590 1013 4577 4097 3902 3808 707 402 305 100 205 3101 351 911 226 2750 2250 500 57 319 73 685 78 607 92 51593 47651 46980
is_linear=0
shrinkage=0.05


Tree=12
num_leaves=31
num_cat=0
split_feature=0 1 0 0 0 0 0 0 0 0 0 0 0 0 0 0 0 0 0 0 0 0 0 0 0 0 0 0 0 0
split_gain=5.70121 2.74639 3.35283 4.49232 3.18916 2.22607 2.22427 2.10619 2.76527 2.0556 5.40532 3.3675 9.49171 3.98605 1.76217 1.60103 6.9781 3.16313 2.64254 2.01924 6.19741 3.49795 3.61991 3.69675 9.88747 2.37872 3.92654 1.97531 3.88126 3.01844
threshold=0.99045000000000016 1.0000000180025095e-35 0.98575000000000013 0.98535000000000006 0.98475000000000013 0.9849500000000001 0.99885000000000013 0.98805000000000009 0.98935000000000006 0.98935000000000006 0.98865000000000014 0.98755000000000015 0.98785000000000012 0.98735000000000006 0.98895000000000011 0.94905000000000006 0.94605000000000017 0.94805000000000017 0.94745000000000013 0.9708500000000001 0.97075000000000011 0.97105000000000008 0.97135000000000016 0.97305000000000008 0.97275000000000011 0.9738500000000001 0.97405000000000008 0.97155000000000014 0.97175000000000011 0.97235000000000016
decision_type=2 2 2 2 2 2 2 2 2 2 2 2 2 2 2 2 2 2 2 2 2 2 2 2 2 2 2 2 2 2
left_child=1 9 3 4 15 -6 -2 -4 -9 10 11 13 -13 -1 -12 16 -3 18 -18 20 -17 -21 -23 24 27 -25 -27 -24 -29 -30
right_child=6 2 7 -5 5 -7 -8 8 -10 -11 14 12 -14 -15 -16 19 17 -19 -20 21 -22 22 23 25 -26 26 -28 28 29 -31
leaf_value=-0.0001689412200800587 0.011633684906141436 0.00012089043079016982 0.016712807601974942 -0.029261215969252172 0.034935409702779918 0.0074366255290570539 -0.0092841353984714787 -0.012265348534300042 0.016284978215548761 -0.0079363773251201319 0.018785175041177049 -0.031256440764883514 -0.0014060759578167041 0.013211201291376755 0.0053687706297778559 -0.00020943042471599892 0.024662929183531249 0.044366299562710265 -0.00023506254229625304 0.020235295867928951 -0.030367481093336215 -0.016840141224207197 0.019448917432679843 -0.0068487042758893814 0.043699170554321987 0.023975072357521197 0.0013158885326647351 -0.017671145069037313 0.013253534759619046 -0.0033320469683123079
leaf_weight=33441.603203814477 137.04539152979851 171.75504805147648 57.216646701097488 12.116999596357344 11.113009482622145 21.789753139019012 14.007432889193295 18.235560350120068 15.855282783508299 84.935522094368935 45.364069804549217 33.036154605448246 137.35207568109035 55.755171790719032 53.14975218474865 1374.3338695541024 26.211548537015915 11.128794640302656 17.958370685577393 26.322480380535126 17.248861864209175 25.466927528381348 20.085074335336685 87.043991012498736 18.336495831608772 19.541052609682083 884.86812698096037 20.003268964588642 64.810089319944382 47.565307013690472
leaf_count=50835 411 246 140 21 29 44 48 43 35 203 84 95 226 76 74 2535 48 32 25 52 26 52 39 178 70 34 1690 46 127 78
internal_value=1.03843e-12 -3.97688e-05 0.00141834 0.00111904 0.0012475 0.0167244 0.00969393 0.0108511 0.0010131 -0.000167656 -0.000148114 -0.000182335 -0.00719369 -0.00014667 0.0115468 0.00106773 0.00509456 0.0205425 0.01454 0.000716836 -0.000583244 0.00220704 0.00180749 0.00221609 0.00901003 0.00104568 0.00180547 0.00483804 0.00262121 0.00623333
internal_weight=36971.3 36820.2 2969.01 2877.7 2865.58 32.9028 151.053 91.3075 34.0908 33851.2 33766.3 33667.7 170.388 33497.4 98.5138 2832.68 227.054 55.2987 44.1699 2605.63 1391.58 1214.04 1187.72 1162.25 170.8 991.453 904.409 152.464 132.379 112.375
internal_count=57642 57183 5590 5372 5351 73 459 218 78 51593 51390 51232 321 50911 158 5278 351 105 73 4927 2561 2366 2314 2262 360 1902 1724 290 251 205
is_linear=0
shrinkage=0.05


Tree=13
num_leaves=31
num_cat=0
split_feature=0 1 0 0 0 0 0 0 0 0 0 0 0 0 0 0 0 0 0 0 0 0 0 0 0 0 0 0 0 0
split_gain=5.29028 3.44388 4.17326 1.73211 1.90026 5.31061 2.54139 2.84035 2.1047 6.80736 3.20037 4.72036 11.9218 13.3879 2.52552 2.95541 2.38384 3.1671 2.03507 1.9869 7.40887 7.07142 3.85788 5.86598 4.73219 2.63808 7.34616 4.45549 4.44583 3.51277
threshold=0.99045000000000016 1.0000000180025095e-35 0.98555000000000015 0.92565000000000008 0.94905000000000006 0.94605000000000017 0.94805000000000017 0.94745000000000013 0.95565000000000011 0.95445000000000013 0.95915000000000006 0.96525000000000005 0.96345000000000014 0.96265000000000012 0.96225000000000016 0.96205000000000007 0.95165000000000011 0.95215000000000016 0.93985000000000007 0.96775000000000011 0.96755000000000013 0.96795000000000009 0.96925000000000006 0.96945000000000014 0.96995000000000009 0.97655000000000014 0.97575000000000012 0.97755000000000014 0.97605000000000008 0.97515000000000007
decision_type=2 2 2 2 2 2 2 2 2 2 2 2 2 2 2 2 2 2 2 2 2 2 2 2 2 2 2 2 2 2
left_child=1 -1 3 -3 5 18 7 -7 9 16 -10 12 13 14 15 -12 -6 -18 -5 20 -13 -21 -23 -24 -25 26 29 -27 -28 -26
right_child=-2 2 -4 4 8 6 -8 -9 10 -11 11 19 -14 -15 -16 -17 17 -19 -20 21 -22 22 23 24 25 27 28 -29 -30 -31
leaf_value=-0.00017978109271230447 0.0095695713294087804 -0.019200356081576761 0.012442844306371941 0.0074652431178840869 -0.0068163725310180796 0.026976265651134246 0.04369916205751416 0.00011418018039703528 0.0070573390498808487 -0.024855704296035813 -0.0050753530079328674 0.0032396253946141104 -0.019464663192269666 0.019979911420199212 -0.021900630462964435 0.019400806807144174 0.027005992397517081 0.0013823164183553076 -0.0037792875049212416 -0.039386743405972931 0.032377061865202832 -0.0072839633658357611 0.030244404364866813 -0.022379116577749311 0.0038254033209486268 -0.011662660760723058 0.038615958119997344 0.0014415520143752723 0.011421981743479479 -0.0091999520436448993
leaf_weight=33788.064825791866 143.85830415599048 10.285438284277914 86.294151082634926 76.425172746181488 83.131546951830387 21.689020097255707 9.4012108072638494 18.01442876458168 229.40130082517862 32.171465683728456 185.8541441783309 219.99163355305791 95.727005191147327 69.719130426645279 20.455117963254452 13.209666386246679 13.433539211750029 117.87263071537018 84.980560407042503 10.621193483471869 24.218465119600296 113.9970198571682 18.510219871997833 19.767443818971515 574.59563096053898 73.297760747373104 21.408670917153358 563.84277995675802 50.440462499856949 56.886430226266384
leaf_count=51593 459 19 232 99 159 48 32 25 341 75 324 400 280 110 55 23 25 173 128 25 40 244 30 77 1076 179 59 1082 107 123
internal_value=-2.11538e-11 -3.75075e-05 0.00161124 0.00128088 0.0013556 0.0059253 0.0203233 0.0147883 0.000986828 -0.00340854 0.00144575 0.000842097 -0.00416996 0.000892016 -0.00517029 -0.00345114 -0.000190882 0.0040038 0.00154497 0.00194618 0.0061292 0.00126668 0.00155594 0.00228683 0.00190638 0.00226451 0.00437568 -6.59795e-05 0.0195249 0.00265203
internal_weight=36847.6 36703.7 2915.64 2829.35 2819.06 210.51 49.1047 39.7034 2608.55 246.609 2361.94 2132.54 384.965 289.238 219.519 199.064 214.438 131.306 161.406 1747.58 244.21 1503.37 1492.75 1378.75 1360.24 1340.47 703.331 637.141 71.8491 631.482
internal_count=57642 57183 5590 5358 5339 332 105 73 5007 432 4575 4234 792 512 402 347 357 198 227 3442 440 3002 2977 2733 2703 2626 1365 1261 166 1199
is_linear=0
shrinkage=0.05


Tree=14
num_leaves=31
num_cat=0
split_feature=0 1 0 0 0 0 0 0 0 0 0 0 0 0 0 0 0 0 0 0 0 0 0 0 0 0 0 0 0 0
split_gain=4.9079 2.06514 2.88533 1.826 4.56588 2.23793 2.53566 6.99991 2.01301 3.71432 3.71078 3.22065 1.98736 2.67521 2.24483 1.98262 2.14034 1.79069 2.8585 1.75779 11.1756 6.56474 4.02045 1.94486 6.97468 5.05561 4.63019 3.92241 1.78197 1.66407
threshold=0.99045000000000016 1.0000000180025095e-35 0.98555000000000015 0.94905000000000006 0.94605000000000017 0.95655000000000012 0.95805000000000007 0.95835000000000015 0.95955000000000013 0.96015000000000017 0.96035000000000015 0.96105000000000007 0.93985000000000007 0.9335500000000001 0.9436500000000001 0.95385000000000009 0.95165000000000011 0.98805000000000009 0.98965000000000014 0.96345000000000014 0.96525000000000005 0.96265000000000012 0.96165000000000012 0.96775000000000011 0.96755000000000013 0.96925000000000006 0.96945000000000014 0.96995000000000009 0.96145000000000014 0.99885000000000013
decision_type=2 2 2 2 2 2 2 2 2 2 2 2 2 2 2 2 2 2 2 2 2 2 2 2 2 2 2 2 2 2
left_child=1 -1 3 4 12 15 -7 -8 -9 -10 -11 -12 13 -3 -14 16 -5 -4 -19 21 -21 22 28 24 -22 -25 -27 -28 -13 -2
right_child=29 2 17 5 -6 6 7 8 9 10 11 19 14 -15 -16 -17 -18 18 -20 20 23 -23 -24 25 -26 26 27 -29 -30 -31
leaf_value=-0.00014438641327676167 0.011181713792636504 -0.0037085659992590909 0.015820972345995912 -0.0066176452839911016 0.019672577645696836 0.0091112988574348543 -0.038541892543801748 0.0077228547257125165 -0.016016042258193402 0.034045594179499657 -0.014280018566673408 0.0011552836190652708 -0.01065265230792537 0.01504835411211514 0.0061487492342435016 -0.0089975944725907819 0.0045340257615022863 -0.0077506369050356436 0.026980818639535265 -0.017564160444053418 0.0031809383190508377 0.019266189904937933 -0.012006151474281742 -0.0094426948466863926 0.035239047588381742 0.029753425026863657 -0.022423938159443865 0.0016259748393323129 0.021171200645534603 -0.0067344828401408726
leaf_weight=33700.972314652056 125.79032522439957 32.418353289365768 54.124629534780979 76.28460393846035 44.588420569896698 95.521845459938049 11.255410537123678 105.60225038230419 32.920295238494873 8.4171348735690099 34.891224808990955 30.919252187013626 48.959121957421303 45.960043460130692 33.47320668399334 105.81760334223509 98.694435738027096 23.880700126290325 7.8787655606865874 80.832023274153471 221.82743832468987 59.129034698009491 48.707696937024593 111.74676761776209 18.371473222970963 14.470587953925131 17.173427326604724 1325.4310607016087 17.364510774612427 14.44916123524308
leaf_count=51593 411 53 154 159 105 151 20 159 68 19 74 46 75 65 53 189 152 56 22 280 400 110 114 269 40 30 77 2626 24 48
internal_value=-5.43822e-12 -3.58622e-05 0.00126724 0.000982414 0.00551531 0.000612269 0.00114094 0.000785021 0.000993048 0.000641608 0.000917272 0.000776503 0.00158989 0.00729024 -0.00383013 -0.00359493 -0.000327704 0.0102905 0.000865408 0.00104647 0.000602645 0.00613467 -0.00187072 0.00146189 0.00563288 0.000779795 0.00162155 0.00131835 0.0083537 0.00933577
internal_weight=36647.9 36507.6 2806.66 2720.78 205.399 2515.38 2234.58 2139.06 2127.8 2022.2 1989.28 1980.86 160.811 78.3784 82.4323 280.797 174.979 85.8841 31.7595 1945.97 1789.85 156.12 96.9915 1709.02 240.199 1468.82 1357.08 1342.6 48.2838 140.239
internal_count=57642 57183 5590 5358 351 5007 4507 4356 4336 4177 4109 4090 246 118 128 500 311 232 78 4016 3722 294 184 3442 440 3002 2733 2703 70 459
is_linear=0
shrinkage=0.05


Tree=15
num_leaves=31
num_cat=0
split_feature=0 1 0 0 0 0 0 0 0 0 0 0 0 0 0 0 0 0 0 0 0 0 0 0 0 0 0 0 0 0
split_gain=4.32677 3.30834 3.27061 4.44966 1.86347 3.62169 2.09953 3.0619 1.79089 1.75021 1.71163 1.99912 1.65733 1.59505 4.55939 3.05414 1.9384 1.50493 1.48946 4.82346 2.07706 7.30298 2.79529 5.94823 5.9084 3.05199 2.16155 1.93227 1.4496 2.65666
threshold=0.99045000000000016 1.0000000180025095e-35 0.98635000000000017 0.9869500000000001 0.94905000000000006 0.94605000000000017 0.94805000000000017 0.94745000000000013 0.98965000000000014 0.99885000000000013 0.95165000000000011 0.95215000000000016 0.95065000000000011 0.93605000000000016 0.94455000000000011 0.94535000000000013 0.94125000000000014 0.93805000000000016 0.98935000000000006 0.98865000000000014 0.98755000000000015 0.98785000000000012 0.98675000000000013 0.9869500000000001 0.98655000000000015 0.98735000000000006 0.98615000000000008 0.98895000000000011 0.98805000000000009 0.98785000000000012
decision_type=2 2 2 2 2 2 2 2 2 2 2 2 2 2 2 2 2 2 2 2 2 2 2 2 2 2 2 2 2 2
left_child=1 13 4 -4 5 -3 7 -7 28 -2 12 -12 -6 -1 16 -16 17 -15 19 20 22 -22 24 -24 26 -25 -17 -21 29 -5
right_child=9 2 3 8 10 6 -8 -9 -10 -11 11 -13 -14 14 15 18 -18 -19 -20 27 21 -23 23 25 -26 -27 -28 -29 -30 -31
leaf_value=0.002440077591637918 0.01086964922392176 0.0026523115638045162 0.050806533409211443 0.0013201577502825578 -0.0012102263812495502 0.028600201125434752 0.043043194401269538 -0.0026397743021847708 0.030850199704220982 -0.0079812714342346602 0.022761041054204116 0.0011569957696217369 -0.017453740914481815 -0.0065525511360505703 0.0066315263109827331 -0.00014208330808067652 -0.0067958011579644277 0.00024579267921074954 -0.0070417065979156788 0.019796559712923666 -0.030504631904245558 -0.0012474095872105689 0.025232002132545318 -0.004204890146744366 -0.029208876288154512 0.010738905708772024 -0.0075135354642441379 0.0049718987605978735 -0.0045459333375087712 0.041324687536617152
leaf_weight=575.9717827886343 120.85744945704937 151.56916275620461 7.0408233478665343 12.769963383674623 46.883692599833012 16.744090244174004 7.7321687936782828 14.755403369665148 7.4293552488088599 13.709779396653174 10.756366461515425 2381.8194795101881 23.611773818731308 113.90186030417681 166.41356518864632 31525.03686767444 348.84596671909094 285.32141891121864 78.426569536328316 39.092135012149811 25.294109217822552 136.06799395382404 33.112590372562408 86.291024409234524 17.520694490522146 56.562102138996124 99.763361588120461 50.215473264455795 22.043081372976303 6.1481741964817038
leaf_count=852 411 246 29 48 109 48 32 25 22 48 25 4885 50 218 225 47991 654 414 203 84 95 226 78 151 83 76 169 74 56 15
internal_value=-5.37067e-12 -3.31321e-05 0.0016477 0.0136681 0.00139663 0.00615699 0.0196971 0.0139664 0.00826443 0.00894911 0.00102787 0.00125412 -0.00665083 -0.000168512 -0.000213956 -0.000124618 -0.00407303 -0.00169383 -0.000159592 -0.000142762 -0.000175167 -0.00583359 -0.000146471 0.00613794 -0.000181419 0.00171204 -0.000165337 0.011461 0.00416793 0.0143212
internal_weight=36481.7 36347.1 2709.3 55.4314 2653.87 190.801 39.2317 31.4995 48.3906 134.567 2463.07 2392.58 70.4955 33637.8 33061.9 32313.8 748.069 399.223 32147.4 32069 31979.6 161.362 31818.3 175.966 31642.3 142.853 31624.8 89.3076 40.9612 18.9181
internal_count=57642 57183 5590 170 5420 351 105 73 141 459 5069 4910 159 51593 50741 49455 1286 632 49230 49027 48869 321 48548 305 48243 227 48160 158 119 63
is_linear=0
shrinkage=0.05


Tree=16
num_leaves=31
num_cat=0
split_feature=0 0 1 0 1 0 0 0 0 0 0 0 0 0 0 0 0 0 0 0 0 0 0 0 0 0 0 0 0 0
split_gain=5.11264 2.58853 2.24702 2.15692 1.78953 2.85656 3.44074 1.85428 9.64119 13.4224 3.93103 2.12462 3.07911 2.00521 1.7113 3.89807 3.75681 1.63812 5.9282 2.10576 5.36605 3.96537 1.7056 1.45101 2.15301 6.6812 4.67622 2.21914 1.44064 1.38716
threshold=0.98865000000000014 0.98895000000000011 1.0000000180025095e-35 0.98965000000000014 1.0000000180025095e-35 0.98635000000000017 0.9869500000000001 0.95015000000000016 0.95165000000000011 0.95215000000000016 0.94855000000000012 0.94455000000000011 0.94125000000000014 0.95065000000000011 0.9980500000000001 0.99485000000000012 0.99885000000000013 0.98755000000000015 0.98785000000000012 0.98675000000000013 0.9869500000000001 0.98655000000000015 0.98735000000000006 0.95385000000000009 0.95655000000000012 0.95685000000000009 0.95625000000000016 0.95595000000000008 0.94965000000000011 0.99485000000000012
decision_type=2 2 2 2 2 2 2 2 2 2 2 2 2 2 2 2 2 2 2 2 2 2 2 2 2 2 2 2 2 2
left_child=4 -2 14 -4 7 -6 -7 10 13 -10 11 12 -1 -9 15 -3 -16 19 -19 21 -21 23 -22 -11 26 -26 27 -25 -12 -5
right_child=1 2 3 29 5 6 -8 8 9 17 28 -13 -14 -15 16 -17 -18 18 -20 20 22 -23 -24 24 25 -27 -28 -29 -30 -31
leaf_value=-0.0004414483621611832 0.017993380693661156 0.0020264403068840538 -0.0088211293473477344 0.031627887984615528 0.0010113397068424437 0.050038587136972769 0.008060961668531241 0.011464416580313733 -0.016631955819430642 -0.0025253371133157803 -0.0077604078537695676 0.0013891610135717478 -0.0061222499070550176 0.0046735968937135072 0.0014614504532671712 0.028369738131549277 -0.049787202184702554 -0.030042023206983383 -0.0013629013774027398 0.02527072783483842 -0.0031098161962322623 -0.025809936198533848 0.0085014160841372539 0.0016517660879902763 -0.0096954031860575635 -6.6520140066045479e-05 0.009721268617652077 -0.004740194282727303 -0.0018197647977062133 0.011012792192774906
leaf_weight=980.10045001655817 41.819532051682472 190.44761190190911 7.4228616952896109 15.883954621851442 2650.3531823474914 6.0684216395020512 24.958770655095577 158.95072799921036 123.1787381246686 596.69954789802432 292.79472295381129 853.3968009762466 315.25675333291292 343.90106801688671 13.736661188304426 15.160531774163244 4.8345061670988789 20.825510390102863 133.70973907411098 28.60548809170723 81.402250044047832 14.987143669277428 51.722998142242432 1026.3985841646791 181.33619762212038 27622.320605434477 167.97640158236027 156.48944178968668 156.65686082839966 16.7810889929533
leaf_count=1484 98 522 18 51 5420 29 87 229 256 1001 476 1328 654 475 52 51 28 95 226 78 151 83 76 1600 282 42049 238 228 223 54
internal_value=1.72059e-12 0.00643474 0.00460562 0.0155085 -5.47289e-05 0.00118792 0.0162711 -0.000154769 -4.62517e-05 -0.000160561 -0.00143735 -0.00054787 -0.00182401 0.00682017 0.00265595 0.00396887 -0.0118798 -9.31156e-05 -0.00522776 -6.66025e-05 0.00562326 -9.75176e-05 0.00140148 -8.4565e-05 -3.46102e-05 -0.00012932 0.00191472 0.000806146 -0.00568979 0.0210372
internal_weight=36294.2 306.087 264.267 40.0879 35988.1 2681.38 31.0272 33306.7 30708.5 30205.7 2598.21 2148.75 1295.36 502.852 224.179 205.608 18.5712 30082.5 154.535 29927.9 161.731 29766.2 133.125 29751.2 29154.5 27803.7 1350.86 1182.89 449.452 32.665
internal_count=57642 874 776 123 56768 5536 116 51232 47067 46363 4165 3466 2138 704 653 573 80 46107 321 45786 305 45481 227 45398 44397 42331 2066 1828 699 105
is_linear=0
shrinkage=0.05


Tree=17
num_leaves=31
num_cat=0
split_feature=0 0 1 0 0 0 0 0 0 0 0 0 0 0 0 0 0 0 0 0 0 0 0 0 0 0 0 0 0 0
split_gain=4.25509 1.13223 1.11524 1.46568 3.54023 1.81515 2.78126 1.40737 2.86626 1.37427 4.54479 2.79582 1.92853 4.74452 1.89484 2.26806 1.82976 1.80037 1.75565 7.84065 4.63551 8.84371 4.3258 3.90501 3.84719 3.04842 2.47911 1.94669 1.8132 1.7559
threshold=0.99045000000000016 0.99885000000000013 1.0000000180025095e-35 0.94905000000000006 0.94605000000000017 0.94805000000000017 0.94745000000000013 0.93985000000000007 0.9335500000000001 0.98575000000000013 0.98535000000000006 0.98475000000000013 0.98375000000000012 0.98335000000000006 0.98805000000000009 0.98935000000000006 0.9849500000000001 0.98435000000000017 0.98045000000000015 0.97935000000000005 0.97655000000000014 0.97575000000000012 0.9799500000000001 0.97605000000000008 0.98145000000000016 0.9819500000000001 0.98185000000000011 0.97495000000000009 0.97455000000000014 0.97505000000000008
decision_type=2 2 2 2 2 2 2 2 2 2 2 2 2 2 2 2 2 2 2 2 2 2 2 2 2 2 2 2 2 2
left_child=2 -2 -1 4 7 6 -6 8 -4 10 11 12 13 18 -11 -16 -13 -14 19 20 21 27 -21 -23 -20 26 -26 28 -5 -29
right_child=1 -3 3 9 5 -7 -8 -9 -10 14 -12 16 17 -15 15 -17 -18 -19 24 22 -22 23 -24 -25 25 -27 -28 29 -30 -31
leaf_value=-0.00011160460203864054 0.010788296681670263 -0.0047000042950369114 -0.0038359084569989095 0.00038371413548894169 0.029136488217330184 0.042120473634096788 -0.001356979428917382 -0.0026055593802049005 0.01628489119833668 0.014516774979472 -0.03006803836253465 0.03424405476896155 -0.014600711856088723 0.021494146793130529 -0.013100235164400615 0.014282401397141362 0.0075617832254080298 0.0051059264967105401 -0.015372628495021535 0.026358250218165347 -0.0064245435713169265 0.039301356297679169 0.0049153625073240746 0.011604862372449121 0.0038217108419623756 -0.0050681863818428921 0.030389543700292173 -0.025795056545794965 0.0095184014654980179 -0.004311637790263478
leaf_weight=33261.211587907746 112.8995623588562 13.176789315417407 32.907415166497231 1597.6416440010071 14.812395356595516 6.9428283572196952 15.101193055510521 82.606825038790703 38.299474656581879 40.846599392592907 12.160413280129431 9.2086612582206744 39.385685592889786 26.865857765078545 18.393899209797386 12.841547399759291 21.257036194205284 16.422379732131958 55.154119536280632 43.785927399992943 239.17141902446747 17.703244268894196 50.817220285534859 45.271921336650848 32.483024269342422 87.500565856695175 12.033340334892271 10.934395834803579 56.236934334039688 73.071432642638683
leaf_count=51593 411 48 53 3337 48 32 25 128 65 140 21 29 58 58 43 35 44 28 138 102 480 59 88 107 55 153 21 17 80 146
internal_value=6.0907e-12 0.00916955 -3.21387e-05 0.000943238 0.00516998 0.0190882 0.0137426 0.00183492 0.0069863 0.000623328 0.000422898 0.000575174 0.000384463 0.000602741 0.00742771 -0.00184266 0.0156269 -0.00880173 0.000361005 0.000768135 0.000115577 0.000984168 0.0148399 0.0193908 -0.0042822 0.000351162 0.0110033 0.000317174 0.000694321 -0.00710797
internal_weight=36097.1 126.076 35971.1 2709.86 190.67 36.8564 29.9136 153.814 71.2069 2519.19 2447.11 2434.94 2404.48 2348.67 72.082 31.2354 30.4657 55.8081 2321.81 2134.63 2040.03 1800.86 94.6031 62.9752 187.171 132.017 44.5164 1737.88 1653.88 84.0058
internal_count=57642 459 57183 5590 351 105 73 246 118 5239 5021 5000 4927 4841 218 78 73 86 4783 4416 4226 3746 190 166 367 229 76 3580 3417 163
is_linear=0
shrinkage=0.05


Tree=18
num_leaves=31
num_cat=0
split_feature=0 1 0 0 0 0 0 0 0 0 0 0 0 0 0 0 0 0 0 0 0 0 0 0 0 0 0 0 0 0
split_gain=4.01885 1.69978 1.86935 2.18202 1.9049 2.73889 1.79149 1.39161 1.38287 2.40191 1.32286 1.3103 7.74078 5.03211 3.94578 4.03597 3.25243 2.35499 2.09929 2.02978 3.66155 12.4653 3.21982 4.56487 2.50089 1.84809 1.58393 1.82496 6.29635 4.24939
threshold=0.99045000000000016 1.0000000180025095e-35 0.92565000000000008 0.93985000000000007 0.9436500000000001 0.94905000000000006 0.98555000000000015 0.94605000000000017 0.94455000000000011 0.94125000000000014 0.9335500000000001 0.97805000000000009 0.97825000000000006 0.97835000000000016 0.98065000000000013 0.98105000000000009 0.97685000000000011 0.97975000000000012 0.97945000000000015 0.98185000000000011 0.98225000000000007 0.98215000000000008 0.98335000000000006 0.9839500000000001 0.98375000000000012 0.98255000000000015 0.97665000000000013 0.97585000000000011 0.97575000000000012 0.97605000000000008
decision_type=2 2 2 2 2 2 2 2 2 2 2 2 2 2 2 2 2 2 2 2 2 2 2 2 2 2 2 2 2 2
left_child=1 8 -3 10 -5 7 -7 -6 9 -1 -4 16 -13 -14 17 -16 26 18 -15 -17 21 -21 25 24 -24 -22 27 28 -10 -29
right_child=-2 2 3 4 5 6 -8 -9 11 -11 -12 12 13 14 15 19 -18 -19 -20 20 22 -23 23 -25 -26 -27 -28 29 -30 -31
leaf_value=-0.00055798721934222637 0.0090698002963132216 -0.022279125369062593 0.0020990782433702496 -0.0094026454076858619 0.0039985420611425579 0.0007147722343051093 0.0087306941736579446 0.018030485238252302 -4.2178833079656849e-05 -0.0057318464179844462 0.017385613100324267 -0.010939760764051547 0.0099614390779431319 -0.0022103744484482288 0.0053273863132233343 -0.0031826149359085835 0.002546961743312798 -0.0047337122117704607 0.0027407250551298207 0.00010903190588024245 0.00045015726357578074 0.026035696519725333 0.0030489960637401226 -0.00046779775581062854 0.012034900095144005 -0.0052257373313549143 -0.0043856097644262146 0.0077647151611321468 -0.013485766917629642 0.0002516621680405854
leaf_weight=975.4578635841608 121.72373364493251 8.4549003951251489 24.665306925773621 42.839140430092812 35.753309637308121 2375.7623157072812 71.809284120798111 34.933605287224054 23536.122841775417 291.31053052097559 33.205531716346741 180.30478098616004 114.45702704042196 979.83996765315533 366.84736569225788 486.75519277155399 1278.7459103167057 709.21059077978134 273.95683407783508 208.68265068531036 215.82386286556721 59.601364284753799 253.71293626725674 1440.1494513712823 111.44053541123867 427.46514907479286 207.81159356981516 247.74513909220695 87.419493526220322 783.13498323410749
leaf_count=1484 459 19 34 75 53 5007 232 105 36473 654 65 275 154 1492 501 798 1903 1083 386 286 291 108 353 2573 157 702 301 363 168 1088
internal_value=-1.005e-11 -3.07837e-05 0.00119349 0.00126927 0.00105232 0.00123018 0.000949951 0.0109332 -0.000127567 -0.00174779 0.0108703 -6.33665e-05 -0.000741291 -0.000415715 -0.000630361 0.000359638 8.77797e-05 -0.00243105 -0.00112855 -0.000209218 0.000323495 0.00586884 -0.000284089 0.00079823 0.00579139 -0.00332147 -3.87041e-05 -2.0641e-06 -9.19272e-05 0.00205723
internal_weight=35985.1 35863.4 2627.42 2618.97 2561.1 2518.26 2447.57 70.6869 33236 1266.77 57.8708 31969.2 5828.25 5647.94 5533.49 3570.48 26141 1963.01 1253.8 3203.63 2716.88 268.284 2448.59 1805.3 365.153 643.289 24862.2 24654.4 23623.5 1030.88
internal_count=57642 57183 5590 5571 5472 5397 5239 158 51593 2138 99 49455 9159 8884 8730 5769 40296 2961 1878 5268 4470 394 4076 3083 510 993 38393 38092 36641 1451
is_linear=0
shrinkage=0.05


Tree=19
num_leaves=31
num_cat=0
split_feature=0 0 0 0 0 1 0 1 0 0 0 0 0 1 0 0 0 0 0 0 0 1 1 1 0 0 0 0 0 0
split_gain=3.60856 1.25574 4.03354 3.07714 3.65889 6.57705 3.76412 5.56992 4.98438 4.12055 2.38069 3.28787 2.21445 2.16448 2.15971 1.86071 1.85082 8.15458 5.07043 2.91679 2.70939 4.28052 1.73012 1.63615 1.46334 9.04447 6.5581 2.32889 6.43249 2.97828
threshold=0.99045000000000016 0.96085000000000009 0.95955000000000013 0.96305000000000007 0.96345000000000014 1.0000000180025095e-35 0.96405000000000007 1.0000000180025095e-35 0.9638500000000001 0.96695000000000009 0.96565000000000012 0.96505000000000007 0.9658500000000001 1.0000000180025095e-35 0.96605000000000008 0.96625000000000016 0.96185000000000009 0.96205000000000007 0.96245000000000014 0.96145000000000014 0.96265000000000012 1.0000000180025095e-35 1.0000000180025095e-35 1.0000000180025095e-35 0.97805000000000009 0.97825000000000006 0.97835000000000016 0.9738500000000001 0.97375000000000012 0.97095000000000009
decision_type=2 2 2 2 2 2 2 2 2 2 2 2 2 2 2 2 2 2 2 2 2 2 2 2 2 2 2 2 2 2
left_child=1 2 13 16 5 -5 7 8 -6 10 11 -8 22 -1 -14 23 19 -18 -19 -3 -20 -22 -12 -16 27 -26 -27 28 29 -11
right_child=-2 3 -4 4 6 -7 9 -9 -10 24 12 -13 14 -15 15 -17 17 18 20 -21 21 -23 -24 -25 25 26 -28 -29 -30 -31
leaf_value=-0.00044193997391076418 0.008671175563287805 0.0027156209051068334 -0.0038035389207628869 -0.0066513949338635973 0.0015188283177558365 0.0190838475106236 -0.0024234512098047015 -0.018011018275323181 0.010876319249951957 0.00092084888973259114 -0.011685639265763964 0.0019211798102943423 0.0019119510454735315 0.0026421703706919985 -0.0096192880567969319 -0.0025772783292393013 0.011990556823414648 -0.0031788863428000441 0.0089448387186916081 -0.0029608019503663653 0.00054065626487337533 0.022812504120995919 0.006540095552265774 0.0049722316488790778 -0.011684992971109394 0.01082254462411251 -0.00035736585216445045 0.0012976406281092207 -0.011023995776671177 -0.00093226425832002187
leaf_weight=7076.4586077108979 119.58057097345591 527.72470582276583 860.51719083636999 357.09733711183071 409.77277430891991 26.681441381573677 1023.4359107539058 28.032965045422316 218.02708919346333 5226.7132235150784 114.3935539778322 757.96646926552057 207.63208186626434 618.62986213155091 176.3867516592145 746.401700258255 218.67461919784546 383.07436460256577 199.50429239496589 396.21650318801403 377.64027036726475 22.880817160010338 14.693561084568499 21.559722900390625 173.60530538111925 134.13109987974167 5945.9956362936646 5467.8768417034298 130.63008356466889 3705.2756343688816
leaf_count=11252 459 764 1580 551 672 53 1730 97 325 8311 337 1122 380 1181 331 1325 330 593 304 560 565 57 32 32 300 174 9917 8174 191 5943
internal_value=-1.02075e-11 -2.9153e-05 -0.000557045 0.000138048 -1.7921e-05 -0.0048622 5.79541e-05 0.00379488 0.00476857 -4.48188e-05 -0.00175706 -0.00057486 -0.00340098 -0.000194 -0.0027051 -0.00372024 0.00196402 0.00325765 0.00131515 0.000281383 0.00418428 0.00181299 -0.00961106 -0.00803002 0.000207473 -0.000432035 -0.000110731 0.000482708 -8.97626e-06 0.000152118
internal_weight=35687.2 35567.6 8555.61 27012 24886.3 383.779 24502.5 655.833 627.8 23846.7 3062.47 1781.4 1281.07 7695.09 1151.98 944.348 2125.72 1201.77 983.1 923.941 600.025 400.521 129.087 197.946 20784.2 6253.73 6080.13 14530.5 9062.62 8931.99
internal_count=57642 57183 14013 43170 39997 604 39393 1094 997 38299 5289 2852 2437 12433 2068 1688 3173 1849 1519 1324 926 622 369 363 33010 10391 10091 22619 14445 14254
is_linear=0
shrinkage=0.05


Tree=20
num_leaves=31
num_cat=0
split_feature=0 0 0 0 0 0 0 0 1 0 0 0 0 0 0 0 0 0 0 0 0 0 0 0 0 0 0 0 0 0
split_gain=3.12992 1.68743 5.68129 4.70048 4.46682 3.8472 7.1828 3.46138 1.51016 1.45593 1.34556 5.20314 3.18106 2.38684 5.82637 3.82954 3.36262 4.08212 5.16691 3.13846 2.54472 1.86704 2.20385 1.80639 1.4004 4.14438 3.4672 7.61462 2.28145 1.70128
threshold=0.99045000000000016 0.96965000000000012 0.96945000000000014 0.97095000000000009 0.97115000000000007 0.97125000000000006 0.97135000000000016 0.96955000000000013 1.0000000180025095e-35 0.99885000000000013 0.97805000000000009 0.97825000000000006 0.97835000000000016 0.97255000000000014 0.97295000000000009 0.97275000000000011 0.97175000000000011 0.97205000000000008 0.97195000000000009 0.9738500000000001 0.97375000000000012 0.97355000000000014 0.97365000000000013 0.97215000000000007 0.98315000000000008 0.98255000000000015 0.98215000000000008 0.98225000000000007 0.9839500000000001 0.98435000000000017
decision_type=2 2 2 2 2 2 2 2 2 2 2 2 2 2 2 2 2 2 2 2 2 2 2 2 2 2 2 2 2 2
left_child=1 2 -1 -3 8 -6 -7 -4 -5 -2 13 -12 -13 16 15 -15 -8 18 -18 20 21 -16 -23 -19 25 26 -14 -28 -26 -30
right_child=9 3 7 4 5 6 10 -9 -10 -11 11 12 24 14 19 -17 17 23 -20 -21 -22 22 -24 -25 28 -27 27 -29 29 -31
leaf_value=-0.00027609438753146916 0.010173680380925523 0.002728797970020392 -0.018638940532029292 -0.0056501350530634596 0.0081638321442582661 -0.012829757531819204 0.0019429473604078752 -0.0041940419293342327 -0.018270244637301713 -0.0067219660042473726 -0.0096361428875923819 0.0075947818061028547 -0.00090647365262239436 0.0012591052188547132 -0.0021565206643704817 0.0099617268393875705 -0.0034114084144266765 0.0044789022124759222 -0.017022701313768859 0.0010582479078075217 -0.0088946410617664392 0.007646487690119325 -0.0015536377102975917 -0.0019720162369772985 0.0035796202393029819 -0.006456973318614923 0.021524938991394221 0.00088664452197002766 -0.0042249881510956298 0.00042348915990855063
leaf_weight=17718.590760799125 104.16792403161526 1820.3700131885707 62.638277499005198 172.21221740543842 147.92075558751822 107.29703994095325 548.79328488186002 122.73428117483854 27.488642260432243 14.528991343453525 149.1747679784894 128.64703342318535 3207.727909475565 228.16710209101439 848.49820573814213 283.45209750533104 235.75971999019384 135.10954305902123 99.000137381255627 5443.3665836900473 112.94309756159782 120.37161208689213 141.74294596910477 551.40963539108634 514.03449909389019 310.77767127007246 55.11519230902195 236.35108365118504 230.53526808321476 1346.3098170682788
leaf_count=29297 411 2797 196 351 218 211 868 194 46 48 300 174 5147 380 1324 441 386 211 220 8174 191 185 231 871 780 588 120 327 325 2630
internal_value=6.66678e-13 -2.74054e-05 -0.000367196 0.000326239 4.19145e-05 0.000139633 6.06857e-05 -0.00907504 -0.00738728 0.00810558 0.000153342 -0.000411533 -0.000183309 0.000552283 0.000938519 0.00608061 -0.00121363 -0.00290985 -0.00743674 0.000543915 -0.00174425 -0.0010171 0.00267136 -0.000702451 -0.000352882 -0.000923496 -0.000432045 0.00478927 0.000686882 -0.00025612
internal_weight=35225.2 35106.5 17904 17202.6 15382.2 15182.5 15034.6 185.373 199.701 118.697 14927.3 6178.67 6029.5 8748.61 7178.54 511.619 1570.07 1021.28 334.76 6666.92 1223.56 1110.61 262.115 686.519 5900.85 3809.97 3499.19 291.466 2090.88 1576.85
internal_count=57642 57183 29687 27496 24699 24302 24084 390 397 459 23873 10391 10091 13482 10926 821 2556 1688 606 10105 1931 1740 416 1082 9917 6182 5594 447 3735 2955
is_linear=0
shrinkage=0.05


end of trees

feature_importances:
description_similarity=574
category_match_numeric=56

parameters:
[boosting: gbdt]
[objective: lambdarank]
[metric: ndcg]
[tree_learner: serial]
[device_type: cpu]
[data_sample_strategy: bagging]
[data: ]
[valid: ]
[num_iterations: 500]
[learning_rate: 0.05]
[num_leaves: 31]
[num_threads: 0]
[seed: 0]
[deterministic: 0]
[force_col_wise: 0]
[force_row_wise: 0]
[histogram_pool_size: -1]
[max_depth: -1]
[min_data_in_leaf: 20]
[min_sum_hessian_in_leaf: 0.001]
[bagging_fraction: 1]
[pos_bagging_fraction: 1]
[neg_bagging_fraction: 1]
[bagging_freq: 0]
[bagging_seed: 3]
[bagging_by_query: 0]
[feature_fraction: 1]
[feature_fraction_bynode: 1]
[feature_fraction_seed: 2]
[extra_trees: 0]
[extra_seed: 6]
[early_stopping_round: 0]
[early_stopping_min_delta: 0]
[first_metric_only: 0]
[max_delta_step: 0]
[lambda_l1: 0]
[lambda_l2: 0]
[linear_lambda: 0]
[min_gain_to_split: 0]
[drop_rate: 0.1]
[max_drop: 50]
[skip_drop: 0.5]
[xgboost_dart_mode: 0]
[uniform_drop: 0]
[drop_seed: 4]
[top_rate: 0.2]
[other_rate: 0.1]
[min_data_per_group: 100]
[max_cat_threshold: 32]
[cat_l2: 10]
[cat_smooth: 10]
[max_cat_to_onehot: 4]
[top_k: 20]
[monotone_constraints: ]
[monotone_constraints_method: basic]
[monotone_penalty: 0]
[feature_contri: ]
[forcedsplits_filename: ]
[refit_decay_rate: 0.9]
[cegb_tradeoff: 1]
[cegb_penalty_split: 0]
[cegb_penalty_feature_lazy: ]
[cegb_penalty_feature_coupled: ]
[path_smooth: 0]
[interaction_constraints: ]
[verbosity: -1]
[saved_feature_importance_type: 0]
[use_quantized_grad: 0]
[num_grad_quant_bins: 4]
[quant_train_renew_leaf: 0]
[stochastic_rounding: 1]
[linear_tree: 0]
[max_bin: 255]
[max_bin_by_feature: ]
[min_data_in_bin: 3]
[bin_construct_sample_cnt: 200000]
[data_random_seed: 1]
[is_enable_sparse: 1]
[enable_bundle: 1]
[use_missing: 1]
[zero_as_missing: 0]
[feature_pre_filter: 1]
[pre_partition: 0]
[two_round: 0]
[header: 0]
[label_column: ]
[weight_column: ]
[group_column: ]
[ignore_column: ]
[categorical_feature: ]
[forcedbins_filename: ]
[precise_float_parser: 0]
[parser_config_file: ]
[objective_seed: 5]
[num_class: 1]
[is_unbalance: 0]
[scale_pos_weight: 1]
[sigmoid: 1]
[boost_from_average: 1]
[reg_sqrt: 0]
[alpha: 0.9]
[fair_c: 1]
[poisson_max_delta_step: 0.7]
[tweedie_variance_power: 1.5]
[lambdarank_truncation_level: 30]
[lambdarank_norm: 1]
[label_gain: ]
[lambdarank_position_bias_regularization: 0]
[eval_at: 1,3,5,10]
[multi_error_top_k: 1]
[auc_mu_weights: ]
[num_machines: 1]
[local_listen_port: 12400]
[time_out: 120]
[machine_list_filename: ]
[machines: ]
[gpu_platform_id: -1]
[gpu_device_id: -1]
[gpu_use_dp: 0]
[num_gpu: 1]

end of parameters

pandas_categorical:null
